0.0086467
0.0085018
0.0070611
0.0070168
0.0070478
0.0069355
0.0071422
0.0070553
0.0070206
0.0068196
0.0070019
0.0069671
0.0069929
0.0070089
0.0070532
0.0070517
0.006972
0.0070278
0.0070165
0.0070143
0.0070106
0.0068121
0.0070025
0.0070544
0.006928
0.0070306
0.0070477
0.0070299
0.0070799
0.0070355
0.0070494
0.0069873
0.0070939
0.0070382
0.0070501
0.0071139
0.0070132
0.0070546
0.0071005
0.0069801
0.0070337
0.0069359
0.0070268
0.0070758
0.0070848
0.0070321
0.0070877
0.0071247
0.0071686
0.0071001
0.0070778
0.0069853
0.0070351
0.007125
0.0070811
0.0071021
0.0070727
0.0070251
0.0070969
0.0071227
0.0070394
0.007054
0.0070629
0.0070786
0.0071317
0.0070928
0.0069825
0.006988
0.0070918
0.0070797
0.0069865
0.0070209
0.0071309
0.0070164
0.0070762
0.0070639
0.007024
0.0069647
0.007139
0.006966
0.0070298
0.0070761
0.0070084
0.0070487
0.0070354
0.0070119
0.0071775
0.0070582
0.0070998
0.0070279
0.0070437
0.0070765
0.0072323
0.007102
0.0070457
0.0070638
0.0070557
0.006997
0.0071056
0.0070141