0.0002737
0.0002465
0.0002361
0.0003255
0.0002583
0.0004406
0.0001739
0.000326
0.0002313
0.0002533
0.0002566
0.0003415
0.0002652
0.0002419
0.0003415
0.0002847
0.0002747
0.0002715
0.0002233
0.0002901
0.0003208
0.0003147
0.0002483
0.0002784
0.0002545
0.0002633
0.0001522
0.0002615
0.0002578
0.0002462
0.0002283
0.0003202
0.0002721
0.0002643
0.0002702
0.0001847
0.0002492
0.0002574
0.0003429
0.0002413
0.0001696
0.0002846
0.0003101
0.0002663
0.0002535
0.0002499
0.0003646
0.0002772
0.0002435
0.0002496
0.0003963
0.0002465
0.0002627
0.0001925
0.0002741
0.0003312
0.0002636
0.0002588
0.0002803
0.0003672
0.0002319
0.0002505
0.0003251
0.0003166
0.0002565
0.0003037
0.000188
0.0001674
0.0001532
0.0003432
0.0003192
0.0003509
0.0002457
0.0002363
0.0003786
0.0002976
0.0001805
0.0002329
0.0002682
0.0002841
0.0003074
0.0002745
0.0002895
0.0002713
0.0002307
0.0003039