0.0085578
0.0085174
0.0085064
0.0070247
0.0071034
0.0070323
0.0069894
0.00703
0.0070058
0.0070141
0.0071232
0.0069758
0.0071034
0.007089
0.0070332
0.007037
0.007006
0.0070767
0.0071432
0.0070172
0.0070336
0.0070192
0.0069711
0.007027
0.0070826
0.0071548
0.0069837
0.0070841
0.0070773
0.0070841
0.0072161
0.0071145
0.0070528
0.0070684
0.0071212
0.007091
0.006977
0.0070053
0.0070085
0.0070511
0.0071046
0.0070227
0.0068841
0.0071601
0.0070486
0.0070591
0.0071582
0.0070697
0.0070105
0.0070821
0.0069678
0.0070498
0.0070152
0.0071035
0.0071895
0.0070428
0.00727
0.0070735
0.0070871
0.0070868
0.007086
0.0070259
0.0070875
0.0070851
0.0069958
0.00705
0.0070919
0.0071584
0.0070208
0.0070998
0.0070538
0.0069723
0.0069918
0.0070609
0.0070154
0.0069958
0.0070535
0.0070688
0.0072047
0.0069824
0.0070139
0.0070438
0.0070289
0.0070388
0.0070691
0.0070716
0.0069995
0.0070726
0.0070822
0.00708
0.0070541
0.0070782
0.0070392
0.0070446
0.0070435
0.0070438
0.0070889
0.0070438
0.0071816
0.0070576